# S2tc/ns err
9.394438784	0.415050239
7.960654902	0.179295046
9.077653713	0.20949312
4.455164801	0.083716269
5.415480765	0.106639248
11.79612834	0.625415288
8.393367882	0.317105919
3.96018395	0.142184931
6.611951994	0.337199361
6.615562383	0.272868625
6.798107982	0.191600475
9.620770444	0.370466003
4.837074794	0.34653292
4.558815138	0.241733291
8.381645142	1.328041661
10.14702628	0.391942126
7.317075961	0.169249199
9.714444061	0.567347729
10.22084181	0.260385157
7.771886288	0.131094235
7.677024116	0.265312529
10.8231705	0.503444649
10.6684559	0.343501323
8.907962605	0.482932288
9.45422892	0.280250219
12.04880073	0.526188435
5.339631866	0.140662757
4.847537082	0.149844978
2.641219053	0.131946435
2.901853732	0.157340884
10.7380813	0.699081978
12.08122112	0.556275033
11.81138408	1.141647595
12.4109696	1.184111154
5.37686322	0.379349908