# ZQ, DQ, DQQ, QQ (600), ZQ, DQ, DQQ, QQ (700), ZQ, DQ, DQQ, QQ (800), ZQ, DQ, DQQ, QQ (950)
10.10929	0.20085	12.83951	0.2026	64.9	3	91.6	4.8	10.55799	0.2516	12.70183	0.06766	69.70311	1.75598	91.07992	3.20885	10.31693	0.23088	13.76273	0.19619	71.30342	1.80294	93.15418	2.95749	10.55963	0.28316	13.90073	0.16128	68.94064	2.1052	100.17927	3.63189
9.62928	0.16426	13.64415	0.23445	81.5	1.8	115.2	4.2	10.6883	0.24813	14.90461	0.08276	89.71255	1.57661	121.4086	2.99227	10.70637	0.27685	16.90664	0.17445	97.03778	1.41154	143.14963	1.62606	11.74785	0.34328	19.89125	0.21827	115.73487	3.58435	166.51514	6.2674
9.37641	0.22834	10.12482	0.11755	60.2	1.7	77.6	3.1	9.81278	0.41081	10.57618	0.06793	64.29511	1.49317	81.67133	1.57311	9.71906	0.30935	11.10666	0.12543	65.40789	0.93474	85.63325	0.83675	10.20715	0.3292	11.97999	0.09984	71.5822	2.24791	93.11279	1.64276
12.0748	0.15761	9.53142	0.14574	47.2	1.3	35.9	0.4	14.33238	0.20739	10.65761	0.07634	51.97854	1.43506	37.22889	0.4887	15.44351	0.2297	11.91257	0.12436	54.71695	1.44759	38.75124	0.57867	17.51971	0.22045	13.94342	0.13967	56.28448	1.19099	40.01516	0.49548
4.65221	0.09665	4.20644	0.09525	25.8	1.5	27.5	0.6	5.80507	0.3765	4.31348	0.0775	26.53457	1.40908	28.42081	0.80807	5.24511	0.18954	4.49442	0.07063	26.70097	1.48791	29.53497	0.63448	5.88908	0.22403	5.06342	0.05803	25.56846	1.58911	31.6052	1.12647
11.34823	0.23702	19.44052	0.64487	43.1	3.4	71.2	3.7	12.8351	0.47899	20.05932	0.43914	42.92797	1.16937	85.04392	3.20766	13.87313	0.31444	22.92384	0.33271	46.12135	1.77489	96.11196	3.9457	15.94397	0.48665	26.61327	0.44598	45.295	2.58465	92.51519	6.01229
9.82785	0.24165	16.69754	0.54729	62.1	4.1	89.9	4.5	10.32605	0.31464	17.50372	0.28338	59.3505	2.20109	92.71216	3.6278	10.29758	0.30293	18.83502	0.43506	61.86618	2.98356	96.64169	3.9617	10.07369	0.32333	19.88151	0.57536	66.77806	2.9734	106.78426	4.19825
55.64909	7.29918	24.36309	1.40506	197.6	22.6	33.4	1.9	87.83617	12.63556	30.43882	1.75832	260.89675	17.25638	32.89321	1.40946	104.45904	9.14332	38.13088	2.45634	296.99911	26.59929	35.98741	0.9629	126.74865	10.78811	52.17564	2.86494	516.65709	104.3205	34.84091	2.32207
7.79778	0.30236	18.53782	0.686	49.3	2.6	90.2	5.1	8.13401	0.30398	19.7305	0.33518	53.14807	1.80842	90.66123	4.44111	7.88062	0.2408	22.22611	0.52929	59.86983	1.85647	96.4433	3.81355	7.65087	0.27112	24.82206	0.79045	63.82362	2.70778	109.47762	5.11629
8.62608	0.24161	13.09	0.30341	33	1.4	51.4	2.6	8.38619	0.32997	13.41418	0.23804	34.52004	1.11757	57.53992	0.87888	8.04159	0.20333	14.28382	0.24897	34.8753	0.96567	60.81939	1.58925	8.52248	0.21742	15.45951	0.26386	33.36176	1.00215	72.58509	1.74327
5.51064	0.14443	7.58415	0.17742	22.5	0.7	29.7	0.9	6.18669	0.28295	7.67491	0.14172	22.0238	0.76249	29.74139	0.59647	5.84524	0.15434	8.10393	0.14273	22.80697	0.65508	31.48828	0.56306	6.1192	0.15895	8.21269	0.12521	22.69212	0.7651	30.43287	0.69473
6.14165	0.18979	8.96598	0.21755	25	1.1	34.9	1.6	7.24413	0.35942	9.20984	0.16654	25.94965	0.9199	33.05079	1.09287	6.78946	0.18423	9.53469	0.17806	25.06792	0.84325	36.09939	0.44594	7.14522	0.18263	10.42703	0.1642	24.36708	0.86375	37.29645	0.84404
11.18876	0.27684	20.26229	0.58473	36.1	1.5	66.3	2.6	12.14974	0.3107	20.40916	0.29867	38.27442	1.19699	65.03559	1.49563	12.2682	0.21183	21.9745	0.30154	37.33626	0.66637	72.67287	1.19321	13.13165	0.23324	23.3288	0.46621	38.00253	0.90314	77.27971	1.32933
18.21257	0.83308	34.76436	1.51548	44.4	1.8	121.9	8	21.55797	0.52436	39.27746	1.32603	45.97401	1.00023	131.80358	3.30513	24.83807	0.40406	46.6714	0.7635	49.03604	0.93281	144.43429	2.9214	30.09681	0.65668	57.37201	2.0739	51.57754	1.35689	194.1099	4.5988
16.17615	0.52178	33.15019	1.64655	45.6	3.5	67.3	4.7	16.2968	0.47015	34.32951	1.2962	47.27126	2.41542	52.56199	2.55522	15.73714	0.53641	33.835	1.029	46.44982	2.00331	57.1119	1.86142	15.63046	0.39747	34.69729	1.07768	49.36813	2.27056	54.25562	3.01526
6.93632	0.22561	11.38497	0.26016	35.3	1.4	56.1	1.8	7.66474	0.31698	12.09878	0.14601	34.3267	1.48962	55.13583	1.36825	7.55479	0.14501	13.1975	0.15672	34.20894	1.22006	56.05126	1.2501	7.68604	0.20883	14.06615	0.20725	32.61845	1.04766	59.43214	1.83839
7.69716	0.18878	10.75536	0.24667	29.9	1.1	42.2	1.4	8.46442	0.28001	10.50362	0.1859	24.70248	1.55355	37.05676	2.9924	7.47272	0.1233	10.5933	0.15686	29.58377	0.96789	40.53816	1.38574	7.91611	0.24754	11.12441	0.12493	25.78505	1.29266	36.1176	1.19306
12.44757	0.43292	17.86081	0.27079	71.1	4.4	99.6	7.5	13.04295	0.2137	18.71513	0.25092	81.511	3.88083	103.39336	6.42178	13.56468	0.37785	20.35652	0.27098	75.781	2.31942	122.82299	4.01422	13.9539	0.29216	22.86	0.52371	83.67703	6.18617	114.18211	5.73471
7.07949	0.18072	11.07836	0.27642	39.8	2.2	50.3	1.8	8.0702	0.41795	11.50406	0.18649	44.17641	1.13157	57.54839	1.65625	8.09099	0.23461	12.56622	0.24683	50.90766	1.40885	65.67365	1.53188	9.02761	0.24689	14.15122	0.27784	58.49113	1.54507	69.8931	2.02188
9.3802	0.20885	17.84019	0.56093	24.2	0.9	72.3	6.1	10.79096	0.44779	22.17689	0.30897	27.56657	0.99326	81.35758	2.70739	12.01161	0.27232	26.88797	0.43812	27.55308	1.1316	103.67442	3.23652	14.55382	0.2685	35.66915	0.54948	31.32988	1.03573	136.70571	5.72285
17.93121	0.35902	11.96183	0.19803	124.9	7.6	68.9	3.8	25.6957	0.99921	11.75195	0.23728	144.48689	5.12697	75.96855	2.25539	29.49565	0.48444	12.66478	0.21307	164.41028	7.40685	94.36417	2.68351	37.38499	0.94033	13.74962	0.36342	217.07266	12.637	105.217	4.36617
7.56558	0.18149	12.92022	0.28928	38.3	1.7	64.8	2.9	8.42302	0.32597	14.76335	0.20168	38.31831	1.27699	77.75155	3.18665	8.60305	0.23179	16.94755	0.35859	39.14383	0.77723	80.09112	2.00738	9.33768	0.21875	19.29377	0.36253	38.43199	1.66089	91.00214	1.61618
8.63052	0.28758	12.46857	0.33855	41.3	1.5	63.7	2	8.68456	0.41989	12.37331	0.23252	41.65625	0.81498	56.77144	2.51137	8.9398	0.26781	13.5642	0.23843	41.88428	0.63647	59.95531	1.27943	9.49272	0.2325	13.44996	0.1665	42.09378	1.29062	61.47757	2.92713
8.31594	0.20763	13.27669	0.38309	50.4	2.1	67.6	3.2	9.11536	0.49307	13.07713	0.11576	47.58882	1.70238	71.50152	2.3211	8.81788	0.21579	14.20373	0.19693	49.05972	1.18653	78.14161	2.74544	8.6426	0.20818	14.69908	0.29132	54.55673	1.54343	84.11021	4.1824
14.32084	0.40507	17.91045	0.31153	61.7	5	88.4	7.6	16.2174	0.26411	18.37613	0.33549	73.88268	5.88708	84.91167	4.64097	17.33488	0.33273	19.3763	0.27041	85.00437	2.02757	84.52917	2.4475	19.86639	0.34069	21.55699	0.40286	86.96144	5.16745	93.28396	3.85973
11.51052	0.28995	17.11818	0.32515	64.6	5.2	95.2	8.8	11.95556	0.31936	16.70389	0.18206	69.04381	4.71333	93.10481	3.96149	12.13591	0.26955	17.80128	0.41656	73.30062	1.62093	106.98618	4.67524	12.59355	0.20498	18.62468	0.43142	71.50424	3.29623	92.18031	6.15262
5.89866	0.08908	8.89192	0.22495	24.8	0.8	35.7	0.7	6.61264	0.27818	9.22016	0.1398	25.26388	0.6513	37.06729	0.8995	6.37897	0.14371	9.53586	0.19698	25.36706	0.71994	36.68498	0.50593	6.38988	0.20795	9.24376	0.12607	24.63701	0.80406	36.92751	0.83465
5.59315	0.10301	7.97216	0.20503	22.2	0.8	30.4	0.6	6.08636	0.36751	7.78777	0.10455	22.78904	0.75371	31.58153	0.62788	5.79938	0.13358	8.11723	0.15569	23.13244	0.75438	31.56697	0.57161	5.75441	0.1415	7.64375	0.11973	22.36868	0.74891	30.42025	0.76231
7.30135	0.17913	11.50376	0.23558	33.8	0.9	50.2	0.9	7.6192	0.33297	11.69209	0.17018	36.77809	0.89287	53.27165	0.74149	7.32322	0.20061	11.93245	0.19387	40.72167	0.98854	58.78445	0.76921	7.47875	0.13899	12.64321	0.20267	46.8813	0.86233	67.23544	1.20497
13.27283	0.2675	16.32632	0.44901	38.1	1.3	52.4	1.1	16.19473	0.33339	19.62006	0.2775	43.19222	1.08694	57.95761	0.95728	18.79723	0.44541	22.46461	0.20271	48.43385	1.03896	64.60443	0.89442	22.81957	0.34473	28.73143	0.5431	59.4352	1.04827	78.50229	1.23179
9.83676	0.23709	14.24647	0.37482	53.6	3.1	82	5	11.03357	0.29054	14.83916	0.14485	59.68831	1.47481	81.48095	2.43052	10.52484	0.23587	15.87727	0.25737	56.65959	1.74487	87.06829	3.50174	11.18159	0.2334	16.48677	0.27916	57.69999	2.48996	86.00235	3.08203
9.19967	0.36475	11.58605	0.23261	56.3	1.5	64.8	4.4	9.65541	0.37225	11.76406	0.12748	60.18964	2.62312	68.92902	2.86043	9.98873	0.25984	12.47404	0.23205	59.0649	0.85458	72.59951	4.3657	11.07963	0.30549	12.99287	0.20169	65.34898	2.28738	69.60899	2.31315
16.79066	0.67044	26.05906	1.00852	78.1	7.4	89.2	9	17.45941	0.79443	23.25182	0.57287	81.03509	6.05353	99.63795	9.31718	16.74598	0.37006	23.65133	0.72078	89.5759	3.87399	118.70286	6.9967	15.83615	0.36931	24.86809	0.44955	84.22055	5.26181	124.0983	7.22581
14.12526	0.53014	17.13347	0.57502	69.1	4.9	75	4.5	16.98678	0.73145	17.3052	0.28156	96.63487	3.85196	89.38079	11.40352	18.04279	0.37064	18.28914	0.19035	74.37709	2.68738	82.61249	4.35265	20.59923	0.75068	20.9904	0.43844	72.93351	4.2299	93.57708	5.65266
12.02063	0.16084	14.24209	0.40917	51.9	1.7	54.7	1.8	13.39043	0.27362	14.26782	0.12163	56.62735	1.63899	57.08979	1.00671	14.74922	0.19045	15.09546	0.21841	59.82268	0.94495	55.52033	0.95236	16.56805	0.28891	15.70038	0.19161	63.61245	1.23961	55.55364	0.97077